# name H0 omch2 ombh2 mnu omk TCMB As ns f_star g_star lnA_p n_p alpha_p h omb omc ombc DeltaL2 lnA_s
ns0.91As2.2e-09heat_slope-0.27heat_amp0.7hub0.74.genic  74.340000 0.106007 0.026693 0.000000 0.000000 2.725500 0.000000 0.906429 0.973282 0.953340 2.887728 -2.388496 -0.100307 0.743400 0.048300 0.191819 0.240119 0.311953 -19.671700
ns0.91As2.5e-09heat_slope0.11heat_amp0.66hub0.69.genic  68.565000 0.109993 0.022707 0.000000 0.000000 2.725500 0.000000 0.910714 0.978240 0.962239 3.170562 -2.375770 -0.102900 0.685650 0.048300 0.233971 0.282271 0.413925 -19.552531
ns0.91As2.7e-09heat_slope0.013heat_amp1.1hub0.69.genic  68.833300 0.109815 0.022885 0.000000 0.000000 2.725500 0.000000 0.913500 0.978015 0.961838 3.244810 -2.373382 -0.102777 0.688333 0.048300 0.231774 0.280074 0.445828 -19.478898
ns0.92As1.7e-09heat_slope-0.19heat_amp1.3hub0.72.genic  72.381000 0.107396 0.025304 0.000000 0.000000 2.725500 0.000000 0.919286 0.974999 0.956421 2.649498 -2.372688 -0.101201 0.723810 0.048300 0.204993 0.253293 0.245825 -19.997308
ns0.92As1.9e-09heat_slope0.38heat_amp1.3hub0.73.genic  73.325000 0.106731 0.025969 0.000000 0.000000 2.725500 0.000000 0.915000 0.974177 0.954944 2.763968 -2.378536 -0.100793 0.733250 0.048300 0.198512 0.246812 0.275639 -19.846057
ns0.92As2.7e-09heat_slope-0.38heat_amp0.96hub0.68.genic  67.619000 0.110616 0.022084 0.000000 0.000000 2.725500 0.000000 0.923571 0.979024 0.963644 3.263624 -2.361581 -0.103266 0.676190 0.048300 0.241924 0.290224 0.454295 -19.516876
ns0.93As2.4e-09heat_slope0.28heat_amp1hub0.68.genic  67.833300 0.110475 0.022225 0.000000 0.000000 2.725500 0.000000 0.934500 0.978842 0.963327 3.149768 -2.350966 -0.103203 0.678333 0.048300 0.240093 0.288393 0.405407 -19.654292
ns0.93As2.6e-09heat_slope0.23heat_amp1hub0.71.genic  71.428600 0.108057 0.024643 0.000000 0.000000 2.725500 0.000000 0.927857 0.975822 0.957896 3.119251 -2.362708 -0.101678 0.714286 0.048300 0.211792 0.260092 0.393222 -19.575492
ns0.93As2e-09heat_slope-0.17heat_amp1.3hub0.7.genic  70.240000 0.108870 0.023830 0.000000 0.000000 2.725500 0.000000 0.925500 0.976836 0.959715 2.893752 -2.363335 -0.102185 0.702400 0.048300 0.220669 0.268969 0.313838 -19.825767
ns0.93As2e-09heat_slope0.076heat_amp1.2hub0.74.genic  73.809500 0.106387 0.026313 0.000000 0.000000 2.725500 0.000000 0.932143 0.973749 0.954180 2.811724 -2.361973 -0.100539 0.738095 0.048300 0.195283 0.243583 0.289122 -19.830219
ns0.94As1.5e-09heat_slope-0.23heat_amp0.81hub0.67.genic  67.142900 0.110926 0.021774 0.000000 0.000000 2.725500 0.000000 0.940714 0.979411 0.964345 2.703317 -2.343776 -0.103451 0.671429 0.048300 0.246055 0.294355 0.259418 -20.134091
ns0.94As1.6e-09heat_slope0.3heat_amp0.89hub0.65.genic  65.150000 0.112199 0.020501 0.000000 -0.000000 2.725500 0.000000 0.945000 0.981011 0.967235 2.790203 -2.336787 -0.104284 0.651500 0.048300 0.264338 0.312638 0.282966 -20.106255
ns0.94As1.8e-09heat_slope-0.11heat_amp0.73hub0.68.genic  68.400000 0.110103 0.022597 0.000000 0.000000 2.725500 0.000000 0.936429 0.978374 0.962485 2.822712 -2.349822 -0.102968 0.684000 0.048300 0.235334 0.283634 0.292316 -19.972369
ns0.95As2.4e-09heat_slope-0.067heat_amp1.1hub0.67.genic  67.234000 0.110866 0.021834 0.000000 0.000000 2.725500 0.000000 0.950514 0.979335 0.964211 3.149027 -2.334103 -0.103460 0.672340 0.048300 0.245257 0.293557 0.405107 -19.712021
ns0.95As2.6e-09heat_slope-0.3heat_amp0.77hub0.7.genic  70.476200 0.108710 0.023990 0.000000 0.000000 2.725500 0.000000 0.953571 0.976637 0.959356 3.164858 -2.335604 -0.102050 0.704762 0.048300 0.218869 0.267169 0.411571 -19.622632
ns0.95As2.6e-09heat_slope0.093heat_amp0.64hub0.71.genic  71.166700 0.108238 0.024462 0.000000 -0.000000 2.725500 0.000000 0.946500 0.976046 0.958299 3.132341 -2.343681 -0.101744 0.711667 0.048300 0.213710 0.262010 0.398403 -19.618486
ns0.95As2e-09heat_slope-5.6e-17heat_amp0.92hub0.71.genic  71.400000 0.108077 0.024623 0.000000 0.000000 2.725500 0.000000 0.949286 0.975848 0.957940 2.843581 -2.341252 -0.101656 0.714000 0.048300 0.212000 0.260300 0.298480 -19.908463
ns0.96As1.7e-09heat_slope0.17heat_amp0.91hub0.73.genic  73.500000 0.106607 0.026093 0.000000 0.000000 2.725500 0.000000 0.964500 0.974026 0.954668 2.638071 -2.329304 -0.100717 0.735000 0.048300 0.197338 0.245638 0.243032 -20.097809
ns0.96As2.1e-09heat_slope0.0099heat_amp1.1hub0.69.genic  68.836300 0.109814 0.022887 0.000000 0.000000 2.725500 0.000000 0.961839 0.978014 0.961834 2.979271 -2.325046 -0.102775 0.688363 0.048300 0.231751 0.280051 0.341858 -19.871940
ns0.96As2.1e-09heat_slope0.34heat_amp1.4hub0.66.genic  66.190500 0.111539 0.021161 0.000000 0.000000 2.725500 0.000000 0.962143 0.980181 0.965735 3.063458 -2.321057 -0.103878 0.661905 0.048300 0.254586 0.302886 0.371884 -19.853534
ns0.96As2.2e-09heat_slope-0.25heat_amp0.75hub0.72.genic  72.166700 0.107545 0.025155 0.000000 0.000000 2.725500 0.000000 0.955500 0.975186 0.956754 2.922896 -2.336156 -0.101320 0.721667 0.048300 0.206499 0.254799 0.323119 -19.825212
ns0.96As2.3e-09heat_slope-0.038heat_amp1.3hub0.7.genic  70.000000 0.109033 0.023667 0.000000 -0.000000 2.725500 0.000000 0.957857 0.977038 0.960080 3.025346 -2.330646 -0.102285 0.700000 0.048300 0.222516 0.270816 0.357977 -19.785742
ns0.96As2.3e-09heat_slope-0.03heat_amp1.1hub0.68.genic  68.343600 0.110140 0.022560 0.000000 0.000000 2.725500 0.000000 0.958323 0.978422 0.962570 3.060222 -2.327862 -0.102979 0.683436 0.048300 0.235803 0.284103 0.370682 -19.794047
ns0.97As2.1e-09heat_slope-0.089heat_amp1.2hub0.69.genic  68.541900 0.110009 0.022691 0.000000 -0.000000 2.725500 0.000000 0.970657 0.978258 0.962274 2.989175 -2.315795 -0.102924 0.685419 0.048300 0.234161 0.282461 0.345260 -19.892690
ns0.97As2.1e-09heat_slope-0.15heat_amp1hub0.69.genic  69.047600 0.109673 0.023027 0.000000 0.000000 2.725500 0.000000 0.966429 0.977836 0.961517 2.963441 -2.320710 -0.102731 0.690476 0.048300 0.230039 0.278339 0.336489 -19.894552
ns0.97As2.1e-09heat_slope0.12heat_amp1.1hub0.69.genic  69.190200 0.109578 0.023123 0.000000 0.000000 2.725500 0.000000 0.970353 0.977719 0.961303 2.947440 -2.316979 -0.102660 0.691902 0.048300 0.228893 0.277193 0.331147 -19.917290
ns0.97As2.2e-09heat_slope-0.012heat_amp1.2hub0.68.genic  68.443900 0.110073 0.022626 0.000000 0.000000 2.725500 0.000000 0.972502 0.978342 0.962420 3.052213 -2.313811 -0.102922 0.684439 0.048300 0.234970 0.283270 0.367725 -19.836964
ns0.97As2.2e-09heat_slope-0.063heat_amp1.2hub0.68.genic  68.419800 0.110089 0.022611 0.000000 0.000000 2.725500 0.000000 0.972784 0.978364 0.962456 3.026740 -2.313495 -0.102947 0.684198 0.048300 0.235170 0.283470 0.358477 -19.863787
ns0.97As2.2e-09heat_slope0.059heat_amp1.2hub0.67.genic  67.458800 0.110720 0.021980 0.000000 0.000000 2.725500 0.000000 0.971093 0.979151 0.963880 3.032837 -2.313835 -0.103331 0.674588 0.048300 0.243304 0.291604 0.360669 -19.877011
ns0.97As2.3e-09heat_slope0.0021heat_amp1.2hub0.68.genic  68.460000 0.110063 0.022637 0.000000 -0.000000 2.725500 0.000000 0.972221 0.978327 0.962396 3.060875 -2.314114 -0.102906 0.684600 0.048300 0.234837 0.283137 0.370924 -19.827161
ns0.97As2.5e-09heat_slope-0.34heat_amp0.62hub0.67.genic  66.666700 0.111233 0.021467 0.000000 0.000000 2.725500 0.000000 0.975000 0.979797 0.965042 3.185017 -2.308850 -0.103694 0.666667 0.048300 0.250275 0.298575 0.419952 -19.754443
ns0.97As2.8e-09heat_slope0.038heat_amp1.2hub0.72.genic  71.904800 0.107727 0.024973 0.000000 0.000000 2.725500 0.000000 0.970714 0.975414 0.957160 3.171130 -2.320569 -0.101441 0.719048 0.048300 0.208358 0.256658 0.414161 -19.624104
ns0.97As2e-09heat_slope0.0018heat_amp1.2hub0.68.genic  68.181800 0.110246 0.022454 0.000000 0.000000 2.725500 0.000000 0.972743 0.978553 0.962810 2.960827 -2.313200 -0.103093 0.681818 0.048300 0.237152 0.285452 0.335610 -19.935522
ns0.98As1.8e-09heat_slope-0.076heat_amp1.1hub0.66.genic  65.714300 0.111842 0.020858 0.000000 0.000000 2.725500 0.000000 0.983571 0.980565 0.966424 2.916917 -2.298986 -0.104062 0.657143 0.048300 0.258992 0.307292 0.321193 -20.067992
ns0.98As1.9e-09heat_slope-0.36heat_amp1.2hub0.74.genic  74.500000 0.105892 0.026808 0.000000 -0.000000 2.725500 0.000000 0.976500 0.973141 0.953085 2.706407 -2.318669 -0.100248 0.745000 0.048300 0.190788 0.239088 0.260221 -20.033494
ns0.98As2.1e-09heat_slope-0.0078heat_amp1.2hub0.69.genic  68.809900 0.109831 0.022869 0.000000 0.000000 2.725500 0.000000 0.976699 0.978037 0.961873 2.988433 -2.310149 -0.102802 0.688099 0.048300 0.231965 0.280265 0.345004 -19.902654
ns0.98As2.1e-09heat_slope-0.02heat_amp1.2hub0.69.genic  68.540000 0.110010 0.022690 0.000000 0.000000 2.725500 0.000000 0.975837 0.978259 0.962277 2.976053 -2.310612 -0.102926 0.685400 0.048300 0.234177 0.282477 0.340759 -19.919530
ns0.98As2.1e-09heat_slope0.017heat_amp1.2hub0.68.genic  68.053400 0.110331 0.022369 0.000000 0.000000 2.725500 0.000000 0.978768 0.978663 0.963001 2.975895 -2.306993 -0.103123 0.680534 0.048300 0.238231 0.286531 0.340705 -19.939547
ns0.98As2.2e-09heat_slope-0.026heat_amp1.3hub0.69.genic  68.823000 0.109822 0.022878 0.000000 0.000000 2.725500 0.000000 0.975808 0.978024 0.961854 3.042434 -2.311059 -0.102788 0.688230 0.048300 0.231858 0.280158 0.364147 -19.845970
ns0.98As2.2e-09heat_slope-0.036heat_amp1.2hub0.69.genic  68.546800 0.110006 0.022695 0.000000 0.000000 2.725500 0.000000 0.975767 0.978257 0.962267 3.045911 -2.310691 -0.102919 0.685468 0.048300 0.234121 0.282421 0.365415 -19.849319
ns0.98As2.2e-09heat_slope-0.045heat_amp1.2hub0.68.genic  68.054000 0.110331 0.022369 0.000000 -0.000000 2.725500 0.000000 0.977415 0.978659 0.963000 3.054647 -2.308347 -0.103122 0.680540 0.048300 0.238226 0.286526 0.368621 -19.857208
ns0.98As2.3e-09heat_slope-0.03heat_amp1.2hub0.68.genic  68.387600 0.110111 0.022589 0.000000 0.000000 2.725500 0.000000 0.976206 0.978387 0.962504 3.065125 -2.310027 -0.102981 0.683876 0.048300 0.235437 0.283737 0.372504 -19.835239
ns0.98As2.3e-09heat_slope0.026heat_amp1.1hub0.68.genic  67.579200 0.110642 0.022058 0.000000 0.000000 2.725500 0.000000 0.984660 0.979052 0.963702 3.079293 -2.300437 -0.103306 0.675792 0.048300 0.242266 0.290566 0.377819 -19.863406
ns0.98As2.3e-09heat_slope0.15heat_amp0.85hub0.73.genic  72.857100 0.107061 0.025638 0.000000 0.000000 2.725500 0.000000 0.979286 0.974584 0.955678 2.974424 -2.313401 -0.101018 0.728571 0.048300 0.201692 0.249992 0.340205 -19.817899
ns0.98As2e-09heat_slope-0.061heat_amp1.2hub0.69.genic  68.788000 0.109846 0.022855 0.000000 0.000000 2.725500 0.000000 0.977409 0.978055 0.961906 2.936216 -2.309358 -0.102798 0.687880 0.048300 0.232144 0.280444 0.327451 -19.957291
ns0.99As1.6e-09heat_slope-0.093heat_amp0.83hub0.67.genic  66.500000 0.111340 0.021359 0.000000 0.000000 2.725500 0.000000 0.985500 0.979931 0.965285 2.735744 -2.298122 -0.103762 0.665000 0.048300 0.251773 0.300073 0.267968 -20.235447
ns0.99As1.7e-09heat_slope0.27heat_amp1.2hub0.75.genic  74.755000 0.105708 0.026992 0.000000 -0.000000 2.725500 0.000000 0.987857 0.972914 0.952679 2.613323 -2.307705 -0.100086 0.747550 0.048300 0.189160 0.237460 0.237092 -20.149437
ns0.99As2.3e-09heat_slope-0.0093heat_amp1.3hub0.69.genic  68.858500 0.109799 0.022901 0.000000 -0.000000 2.725500 0.000000 0.985395 0.977993 0.961801 3.049320 -2.301509 -0.102799 0.688585 0.048300 0.231570 0.279870 0.366663 -19.863499
ns0.99As2.3e-09heat_slope-0.062heat_amp1.2hub0.68.genic  68.283400 0.110180 0.022520 0.000000 -0.000000 2.725500 0.000000 0.989000 0.978474 0.962659 3.088073 -2.297085 -0.102985 0.682834 0.048300 0.236304 0.284604 0.381151 -19.848652
ns0.99As2.3e-09heat_slope-0.11heat_amp1.4hub0.69.genic  69.360000 0.109464 0.023236 0.000000 0.000000 2.725500 0.000000 0.985889 0.977573 0.961047 3.030922 -2.301684 -0.102586 0.693600 0.048300 0.227537 0.275837 0.359979 -19.870499
ns0.99As2.4e-09heat_slope-0.046heat_amp1.1hub0.68.genic  68.101300 0.110300 0.022401 0.000000 0.000000 2.725500 0.000000 0.989166 0.978623 0.962930 3.110095 -2.296662 -0.103073 0.681013 0.048300 0.237828 0.286128 0.389638 -19.831596
ns0.9As2.3e-09heat_slope0.36heat_amp1.4hub0.66.genic  65.504000 0.111976 0.020724 0.000000 -0.000000 2.725500 0.000000 0.904500 0.980733 0.966727 3.154613 -2.377760 -0.104122 0.655040 0.048300 0.260968 0.309268 0.407376 -19.626609
ns0.9As2.4e-09heat_slope0.19heat_amp1.1hub0.7.genic  69.523800 0.109354 0.023346 0.000000 0.000000 2.725500 0.000000 0.902143 0.977440 0.960800 3.096965 -2.385677 -0.102473 0.695238 0.048300 0.226239 0.274539 0.384556 -19.579276
