# HeatAmp, HeatExp, z_reion, z, <F>, T0, gamma, kF_Mpc
2.757000000000000117e+00 -4.500000000000001776e-01 1.190500000000000114e+01 4.000000000000000000e+00 4.619149193988506541e-01 2.049031249325911267e+04 1.194262901862984227e+00 1.976909107627717432e+01
2.757000000000000117e+00 -4.500000000000001776e-01 1.190500000000000114e+01 2.000000000000000000e+00 8.795292943225078153e-01 1.635103356780436661e+04 1.309207137349901240e+00 1.456190360719633325e+01
2.757000000000000117e+00 -4.500000000000001776e-01 1.190500000000000114e+01 3.000000000000000000e+00 7.247368524118791289e-01 2.059721721976804110e+04 1.255857782381738286e+00 1.765931615173296620e+01
1.083000000000000185e+00 -1.409999999999999920e+00 6.025000000000000355e+00 4.000000000000000000e+00 3.987762728316922023e-01 1.096600649818918646e+04 6.952945039484588197e-01 3.796208972790621772e+01
1.083000000000000185e+00 -1.409999999999999920e+00 6.025000000000000355e+00 2.000000000000000000e+00 8.350405655840571484e-01 7.900564114109713046e+03 8.460524882561297755e-01 2.386142969764181032e+01
1.083000000000000185e+00 -1.409999999999999920e+00 6.025000000000000355e+00 3.000000000000000000e+00 6.651967727570511357e-01 1.008397495181846352e+04 7.736051791718664417e-01 3.006927543910666500e+01
1.191000000000000059e+00 -9.000000000000007994e-02 5.605000000000000426e+00 4.000000000000000000e+00 3.708759576811256342e-01 1.385156642976622607e+04 1.250705267470496818e+00 3.582456503360687350e+01
1.191000000000000059e+00 -9.000000000000007994e-02 5.605000000000000426e+00 2.000000000000000000e+00 8.424302280065432136e-01 1.064162187475634892e+04 1.472040352650210604e+00 1.427872660066032395e+01
1.191000000000000059e+00 -9.000000000000007994e-02 5.605000000000000426e+00 3.000000000000000000e+00 6.476466061259267271e-01 1.337839391305808749e+04 1.393063803685102853e+00 2.096874579797859894e+01
8.129999999999999449e-01 -1.229999999999999982e+00 9.804999999999999716e+00 4.000000000000000000e+00 4.218863677010191160e-01 7.595703242496493658e+03 7.520789021424955090e-01 3.099528200880697781e+01
8.129999999999999449e-01 -1.229999999999999982e+00 9.804999999999999716e+00 2.000000000000000000e+00 8.434839783661562951e-01 6.509261856205699587e+03 9.079943518158978266e-01 2.248959953496636999e+01
8.129999999999999449e-01 -1.229999999999999982e+00 9.804999999999999716e+00 3.000000000000000000e+00 6.827338468532967442e-01 8.086706570437051596e+03 8.611360354554142837e-01 2.776595887649040151e+01
2.702999999999999847e+00 -1.350000000000000089e+00 1.568500000000000050e+01 4.000000000000000000e+00 4.610481103800372349e-01 1.727333466938497804e+04 6.646290586444499882e-01 2.231315475687004835e+01
2.702999999999999847e+00 -1.350000000000000089e+00 1.568500000000000050e+01 2.000000000000000000e+00 8.633892774232461154e-01 1.396676295117412519e+04 8.518502242940331204e-01 2.017189049440186466e+01
2.702999999999999847e+00 -1.350000000000000089e+00 1.568500000000000050e+01 3.000000000000000000e+00 7.145398551176964652e-01 1.762131149004711551e+04 7.826261105230527537e-01 2.312826641413850481e+01
2.487000000000000099e+00 5.700000000000002842e-01 1.337500000000000000e+01 4.000000000000000000e+00 4.044109924346787066e-01 2.289100401438502013e+04 1.804567095428437629e+00 1.466486527100597570e+01
2.487000000000000099e+00 5.700000000000002842e-01 1.337500000000000000e+01 2.000000000000000000e+00 8.914941662750467399e-01 1.909298329902457044e+04 1.870391487001932918e+00 1.037420618056363253e+01
2.487000000000000099e+00 5.700000000000002842e-01 1.337500000000000000e+01 3.000000000000000000e+00 7.145382300844310697e-01 2.352034696184713175e+04 1.850268095763012210e+00 1.211690498138824701e+01
1.515000000000000124e+00 -2.099999999999999645e-01 1.400500000000000078e+01 4.000000000000000000e+00 3.785189442536902593e-01 1.412204276433001542e+04 1.308162820570695217e+00 1.984688820394388031e+01
1.515000000000000124e+00 -2.099999999999999645e-01 1.400500000000000078e+01 2.000000000000000000e+00 8.557075079795339878e-01 1.187428184617225088e+04 1.441881762994295268e+00 1.483892090635225891e+01
1.515000000000000124e+00 -2.099999999999999645e-01 1.400500000000000078e+01 3.000000000000000000e+00 6.749216248814199348e-01 1.469468649125610682e+04 1.394955595292410200e+00 1.808705703085074035e+01
2.649000000000000021e+00 1.349999999999999645e+00 1.127500000000000036e+01 4.000000000000000000e+00 3.722942676287188113e-01 2.603804315804232101e+04 2.257860674469918116e+00 1.154223874309506215e+01
2.649000000000000021e+00 1.349999999999999645e+00 1.127500000000000036e+01 2.000000000000000000e+00 9.053135047632778765e-01 2.366792245978672872e+04 2.301966236683048894e+00 8.647895684891603096e+00
2.649000000000000021e+00 1.349999999999999645e+00 1.127500000000000036e+01 3.000000000000000000e+00 7.203374917280879197e-01 2.773668391111508390e+04 2.288120495500034046e+00 1.038572447577834801e+01
4.889999999999999902e-01 9.900000000000002132e-01 5.815000000000000391e+00 4.000000000000000000e+00 2.643247889568289821e-01 9.734343576539849892e+03 2.005936579146707643e+00 3.017746306703567072e+01
4.889999999999999902e-01 9.900000000000002132e-01 5.815000000000000391e+00 2.000000000000000000e+00 8.252326200830307767e-01 7.926494188459823818e+03 2.103176077701921720e+00 1.074014919300522131e+01
4.889999999999999902e-01 9.900000000000002132e-01 5.815000000000000391e+00 3.000000000000000000e+00 5.810051398210990259e-01 9.732040833928527718e+03 2.081322381677898292e+00 1.443664807631746960e+01
1.893000000000000016e+00 3.000000000000002665e-02 6.865000000000000213e+00 4.000000000000000000e+00 4.270409567636158088e-01 1.757678651076202368e+04 1.401330956626302360e+00 2.295777563238467778e+01
1.893000000000000016e+00 3.000000000000002665e-02 6.865000000000000213e+00 2.000000000000000000e+00 8.754422651187109272e-01 1.430642104581333115e+04 1.556836492523594018e+00 1.253176223107098153e+01
1.893000000000000016e+00 3.000000000000002665e-02 6.865000000000000213e+00 3.000000000000000000e+00 7.008534154848500286e-01 1.777041412921315350e+04 1.504271859309226578e+00 1.547996914579201366e+01
2.325000000000000178e+00 -7.500000000000000000e-01 7.495000000000000107e+00 4.000000000000000000e+00 4.820678379490949683e-01 1.707751338140838561e+04 9.957001534120423214e-01 2.683622374387223530e+01
2.325000000000000178e+00 -7.500000000000000000e-01 7.495000000000000107e+00 2.000000000000000000e+00 8.742563406161311113e-01 1.341222568536122708e+04 1.130413658138850863e+00 1.659413542772966110e+01
2.325000000000000178e+00 -7.500000000000000000e-01 7.495000000000000107e+00 3.000000000000000000e+00 7.235474363410586696e-01 1.695429127946505832e+04 1.077285171824298393e+00 2.125416722005466497e+01
7.050000000000000711e-01 1.049999999999999822e+00 1.085500000000000043e+01 4.000000000000000000e+00 2.978278721093631232e-01 1.056642061892341553e+04 2.127669624334600940e+00 1.598836830064384529e+01
7.050000000000000711e-01 1.049999999999999822e+00 1.085500000000000043e+01 2.000000000000000000e+00 8.561704178585355374e-01 9.811937159801867892e+03 2.160380293251386696e+00 1.046489153773393177e+01
7.050000000000000711e-01 1.049999999999999822e+00 1.085500000000000043e+01 3.000000000000000000e+00 6.312282361487068227e-01 1.158645068291412463e+04 2.154276188336523123e+00 1.251880283039840513e+01
2.810999999999999943e+00 -6.899999999999999467e-01 1.295500000000000007e+01 4.000000000000000000e+00 4.301528446451729493e-01 1.987847089080102160e+04 1.031483912814428860e+00 1.960913733826254202e+01
2.810999999999999943e+00 -6.899999999999999467e-01 1.295500000000000007e+01 2.000000000000000000e+00 8.667079438374740707e-01 1.598346015868448194e+04 1.186424587365505934e+00 1.594175194845677979e+01
2.810999999999999943e+00 -6.899999999999999467e-01 1.295500000000000007e+01 3.000000000000000000e+00 7.047795823078933930e-01 2.010827393956609740e+04 1.134548088447264513e+00 1.860846059827916221e+01
2.594999999999999751e+00 -3.000000000000002665e-02 7.285000000000000142e+00 4.000000000000000000e+00 4.516304245597777545e-01 2.105782911218282607e+04 1.382546698696144993e+00 2.057518536834643186e+01
2.594999999999999751e+00 -3.000000000000002665e-02 7.285000000000000142e+00 2.000000000000000000e+00 8.860203500072649785e-01 1.710886944576509995e+04 1.528201753253315420e+00 1.226513904406505517e+01
2.594999999999999751e+00 -3.000000000000002665e-02 7.285000000000000142e+00 3.000000000000000000e+00 7.208863490806168839e-01 2.127541524060642405e+04 1.477431048107237910e+00 1.461270425810895901e+01
2.108999999999999986e+00 5.100000000000002309e-01 1.022500000000000142e+01 4.000000000000000000e+00 4.054397234892804791e-01 2.030817253203351356e+04 1.766277932874336098e+00 1.537092827429616015e+01
2.108999999999999986e+00 5.100000000000002309e-01 1.022500000000000142e+01 2.000000000000000000e+00 8.877748414286475986e-01 1.707305241186862622e+04 1.839714674604355338e+00 1.075022373264122955e+01
2.108999999999999986e+00 5.100000000000002309e-01 1.022500000000000142e+01 3.000000000000000000e+00 7.087736538624798133e-01 2.097830438555814908e+04 1.815891262255904692e+00 1.242599934477271439e+01
9.750000000000000888e-01 -1.169999999999999929e+00 1.064499999999999957e+01 4.000000000000000000e+00 3.690800600127864817e-01 8.665369448832812850e+03 7.507453040795303290e-01 2.724005486780489349e+01
9.750000000000000888e-01 -1.169999999999999929e+00 1.064499999999999957e+01 2.000000000000000000e+00 8.311711357706176306e-01 7.556699782246573704e+03 9.480085990216359226e-01 2.310870713900384743e+01
9.750000000000000888e-01 -1.169999999999999929e+00 1.064499999999999957e+01 3.000000000000000000e+00 6.545806191858939416e-01 9.269848660622148600e+03 8.735571708135781988e-01 2.622820052102192179e+01
1.947000000000000064e+00 -5.100000000000000089e-01 9.384999999999999787e+00 4.000000000000000000e+00 3.860897841694172494e-01 1.587643342378531997e+04 1.136332488146451603e+00 2.158910413497434533e+01
1.947000000000000064e+00 -5.100000000000000089e-01 9.384999999999999787e+00 2.000000000000000000e+00 8.546828540401322227e-01 1.312906150201881610e+04 1.278974476409494798e+00 1.601508378802990151e+01
1.947000000000000064e+00 -5.100000000000000089e-01 9.384999999999999787e+00 3.000000000000000000e+00 6.780320157926651436e-01 1.632082752602310029e+04 1.218496659905165869e+00 1.912313447963342483e+01
2.000999999999999890e+00 -1.290000000000000036e+00 7.705000000000000071e+00 4.000000000000000000e+00 4.984595440890510210e-01 1.418986898889438999e+04 6.967632693877914285e-01 3.042677863245627989e+01
2.000999999999999890e+00 -1.290000000000000036e+00 7.705000000000000071e+00 2.000000000000000000e+00 8.694952168933147707e-01 1.110237921479184661e+04 8.722948010069337954e-01 2.048571667015796649e+01
2.000999999999999890e+00 -1.290000000000000036e+00 7.705000000000000071e+00 3.000000000000000000e+00 7.286979713824821570e-01 1.407395952198255873e+04 8.091819499865900989e-01 2.551093240271730878e+01
2.055000000000000160e+00 6.899999999999999467e-01 8.544999999999999929e+00 4.000000000000000000e+00 3.347804978863522796e-01 2.075125577490570504e+04 1.853437203070575912e+00 1.417135278861629466e+01
2.055000000000000160e+00 6.899999999999999467e-01 8.544999999999999929e+00 2.000000000000000000e+00 8.733800835570073584e-01 1.739584471435239902e+04 1.930660785755348607e+00 9.589791930067862680e+00
2.055000000000000160e+00 6.899999999999999467e-01 8.544999999999999929e+00 3.000000000000000000e+00 6.714508973375624690e-01 2.139996168229462273e+04 1.909281099121679759e+00 1.096367311731571981e+01
2.541000000000000369e+00 -5.700000000000000622e-01 1.001500000000000057e+01 4.000000000000000000e+00 4.346623928883605048e-01 1.885819333567781359e+04 1.122547793564962815e+00 2.056872530429074786e+01
2.541000000000000369e+00 -5.700000000000000622e-01 1.001500000000000057e+01 2.000000000000000000e+00 8.685109584013197548e-01 1.519854988646928359e+04 1.244008628218251200e+00 1.539317837603258177e+01
2.541000000000000369e+00 -5.700000000000000622e-01 1.001500000000000057e+01 3.000000000000000000e+00 7.060699921773299081e-01 1.905786573149563992e+04 1.187711534108473410e+00 1.850957451688587341e+01
1.677000000000000268e+00 -6.299999999999998934e-01 1.148499999999999943e+01 4.000000000000000000e+00 4.144409387362050223e-01 1.406566988226897411e+04 1.073000713442409104e+00 2.231872065470778921e+01
1.677000000000000268e+00 -6.299999999999998934e-01 1.148499999999999943e+01 2.000000000000000000e+00 8.575942958376291392e-01 1.162472462336569333e+04 1.212562173710226565e+00 1.723812679274563209e+01
1.677000000000000268e+00 -6.299999999999998934e-01 1.148499999999999943e+01 3.000000000000000000e+00 6.911539404352575744e-01 1.453852022540131838e+04 1.163696775468956224e+00 2.119521659809504044e+01
7.589999999999998970e-01 -1.109999999999999876e+00 1.232499999999999929e+01 4.000000000000000000e+00 3.596026191008489525e-01 7.391525456720300099e+03 8.025574350323234629e-01 2.701607187113694408e+01
7.589999999999998970e-01 -1.109999999999999876e+00 1.232499999999999929e+01 2.000000000000000000e+00 8.298763068771549678e-01 6.604112204527543327e+03 1.002265793900979363e+00 2.329097793041200859e+01
7.589999999999998970e-01 -1.109999999999999876e+00 1.232499999999999929e+01 3.000000000000000000e+00 6.519385245803810403e-01 8.023914721092366563e+03 9.239187072827560465e-01 2.745033124966295546e+01
2.379000000000000004e+00 1.109999999999999876e+00 1.526500000000000057e+01 4.000000000000000000e+00 3.370712654005392772e-01 2.387573467952121791e+04 2.122913317021437596e+00 1.211757185173122231e+01
2.379000000000000004e+00 1.109999999999999876e+00 1.526500000000000057e+01 2.000000000000000000e+00 8.892043957646446062e-01 2.072512514318069952e+04 2.165399348736696261e+00 8.653735188155216917e+00
2.379000000000000004e+00 1.109999999999999876e+00 1.526500000000000057e+01 3.000000000000000000e+00 6.913773225654622490e-01 2.493466785917989182e+04 2.153078086889936849e+00 1.036919912930623511e+01
3.270000000000000129e-01 -8.100000000000000533e-01 1.589499999999999957e+01 4.000000000000000000e+00 3.641724219525771522e-01 4.262362967354231841e+03 9.587867359057242744e-01 3.141278484536637805e+01
3.270000000000000129e-01 -8.100000000000000533e-01 1.589499999999999957e+01 2.000000000000000000e+00 8.288435500603156258e-01 3.975971662689340064e+03 1.108483053853680511e+00 2.238466054686552198e+01
3.270000000000000129e-01 -8.100000000000000533e-01 1.589499999999999957e+01 3.000000000000000000e+00 6.511861743638563960e-01 4.751220226602727053e+03 1.052350550888615954e+00 2.719786270410143558e+01
2.270999999999999908e+00 -9.899999999999999911e-01 8.335000000000000853e+00 4.000000000000000000e+00 4.613422674470682439e-01 1.603940642752883468e+04 8.673660050118002784e-01 2.645260799218580772e+01
2.270999999999999908e+00 -9.899999999999999911e-01 8.335000000000000853e+00 2.000000000000000000e+00 8.641196654365023155e-01 1.282664357130426288e+04 1.024348762345570041e+00 1.844171978043849691e+01
2.270999999999999908e+00 -9.899999999999999911e-01 8.335000000000000853e+00 3.000000000000000000e+00 7.108790104416826683e-01 1.614697909974003960e+04 9.637083631142023821e-01 2.334954749786988515e+01
1.137000000000000011e+00 8.700000000000001066e-01 1.274500000000000099e+01 4.000000000000000000e+00 3.448364644972977122e-01 1.420522137349881268e+04 2.008237278392897007e+00 1.569023294547490543e+01
1.137000000000000011e+00 8.700000000000001066e-01 1.274500000000000099e+01 2.000000000000000000e+00 8.738599667925788239e-01 1.269575953312997444e+04 2.052073118990737299e+00 1.043038386141491181e+01
1.137000000000000011e+00 8.700000000000001066e-01 1.274500000000000099e+01 3.000000000000000000e+00 6.708830873958279151e-01 1.520415622259036536e+04 2.039752848148740583e+00 1.246082444562687641e+01
1.244999999999999885e+00 1.500000000000001332e-01 1.169500000000000028e+01 4.000000000000000000e+00 3.397426264691659203e-01 1.314187626166980044e+04 1.536494552858238105e+00 1.847621040098738376e+01
1.244999999999999885e+00 1.500000000000001332e-01 1.169500000000000028e+01 2.000000000000000000e+00 8.507511179114476407e-01 1.128042251875180045e+04 1.639053494069194983e+00 1.312911963852330643e+01
1.244999999999999885e+00 1.500000000000001332e-01 1.169500000000000028e+01 3.000000000000000000e+00 6.532724987028110109e-01 1.383441593335785910e+04 1.603767162119987155e+00 1.585383699160792048e+01
1.407000000000000250e+00 9.000000000000007994e-02 1.421499999999999986e+01 4.000000000000000000e+00 3.797048096330716271e-01 1.417024429009996493e+04 1.501315876874334654e+00 1.889233140472491712e+01
1.407000000000000250e+00 9.000000000000007994e-02 1.421499999999999986e+01 2.000000000000000000e+00 8.625209915179555820e-01 1.205113935455539286e+04 1.606148205342372126e+00 1.323215441437337780e+01
1.407000000000000250e+00 9.000000000000007994e-02 1.421499999999999986e+01 3.000000000000000000e+00 6.784829769071449856e-01 1.482627139589405851e+04 1.570705806631975898e+00 1.618583144745212365e+01
1.353000000000000203e+00 3.900000000000001243e-01 1.316499999999999915e+01 4.000000000000000000e+00 3.643023548196510641e-01 1.457545427400551671e+04 1.693986439306773617e+00 1.751827619849468221e+01
1.353000000000000203e+00 3.900000000000001243e-01 1.316499999999999915e+01 2.000000000000000000e+00 8.666189292594663751e-01 1.251600573277535659e+04 1.772898134447712382e+00 1.190134605080878316e+01
1.353000000000000203e+00 3.900000000000001243e-01 1.316499999999999915e+01 3.000000000000000000e+00 6.752019416347190273e-01 1.532708377933934935e+04 1.748102576203606429e+00 1.436290643593648397e+01
1.839000000000000412e+00 8.100000000000000533e-01 8.125000000000000000e+00 4.000000000000000000e+00 3.430624147350866404e-01 1.983662378645582066e+04 1.924457115483569680e+00 1.433698004925806835e+01
1.839000000000000412e+00 8.100000000000000533e-01 8.125000000000000000e+00 2.000000000000000000e+00 8.768601311953858612e-01 1.686868813665026391e+04 2.002086035512883111e+00 9.571077148755865238e+00
1.839000000000000412e+00 8.100000000000000533e-01 8.125000000000000000e+00 3.000000000000000000e+00 6.754673659846811562e-01 2.056931040561501868e+04 1.981197934928570659e+00 1.094015429149488483e+01
9.210000000000000409e-01 3.300000000000000711e-01 8.754999999999999005e+00 4.000000000000000000e+00 3.420859827496666172e-01 1.112005125979483819e+04 1.635189802422214012e+00 2.023697484743929209e+01
9.210000000000000409e-01 3.300000000000000711e-01 8.754999999999999005e+00 2.000000000000000000e+00 8.500528957720389078e-01 9.696933728478155899e+03 1.736482329329055663e+00 1.280924096139081669e+01
9.210000000000000409e-01 3.300000000000000711e-01 8.754999999999999005e+00 3.000000000000000000e+00 6.483884158702348799e-01 1.181213791056155242e+04 1.704196429236427335e+00 1.583622896556466486e+01
2.919000000000000039e+00 -8.699999999999998845e-01 6.655000000000000249e+00 4.000000000000000000e+00 4.607661211741047591e-01 1.961925923087606134e+04 9.241789553874051322e-01 2.875277453061116972e+01
2.919000000000000039e+00 -8.699999999999998845e-01 6.655000000000000249e+00 2.000000000000000000e+00 8.676317977402322468e-01 1.526546713868217921e+04 1.071325188287678642e+00 1.685127528909623251e+01
2.919000000000000039e+00 -8.699999999999998845e-01 6.655000000000000249e+00 3.000000000000000000e+00 7.113380519473090358e-01 1.924576350366553379e+04 1.015041247408291269e+00 2.210328758379053582e+01
2.217000000000000082e+00 -3.900000000000001243e-01 6.235000000000000320e+00 4.000000000000000000e+00 4.768412077108637459e-01 1.816675894783805052e+04 1.154954854804128406e+00 2.837567145238579158e+01
2.217000000000000082e+00 -3.900000000000001243e-01 6.235000000000000320e+00 2.000000000000000000e+00 8.784573698072174475e-01 1.392815586190147769e+04 1.309085372708185258e+00 1.420515302418646542e+01
2.217000000000000082e+00 -3.900000000000001243e-01 6.235000000000000320e+00 3.000000000000000000e+00 7.183264079535065516e-01 1.760972259747673161e+04 1.243475944870905847e+00 1.865568970514275904e+01
2.163000000000000256e+00 1.410000000000000142e+00 1.253500000000000014e+01 4.000000000000000000e+00 3.483038043126406302e-01 2.328977198553558992e+04 2.313735525088706169e+00 1.161058863916621320e+01
2.163000000000000256e+00 1.410000000000000142e+00 1.253500000000000014e+01 2.000000000000000000e+00 8.989278675499321469e-01 2.126903620771393616e+04 2.343109073998674408e+00 8.550640611934875679e+00
2.163000000000000256e+00 1.410000000000000142e+00 1.253500000000000014e+01 3.000000000000000000e+00 7.036366014271097091e-01 2.485727053664349660e+04 2.334913054233006768e+00 1.023066675677274517e+01
6.510000000000000231e-01 -9.299999999999999378e-01 1.211500000000000021e+01 4.000000000000000000e+00 3.604531093004105791e-01 6.830427362731939866e+03 9.096028219784093594e-01 2.772315706393139934e+01
6.510000000000000231e-01 -9.299999999999999378e-01 1.211500000000000021e+01 2.000000000000000000e+00 8.297123889345339176e-01 6.130405154281825162e+03 1.075698723224278730e+00 2.250854670245758626e+01
6.510000000000000231e-01 -9.299999999999999378e-01 1.211500000000000021e+01 3.000000000000000000e+00 6.511028374775218452e-01 7.416122229071378570e+03 1.003324876169598090e+00 2.753259312741443310e+01
8.669999999999999929e-01 -2.700000000000000178e-01 9.175000000000000711e+00 4.000000000000000000e+00 3.439266334035863681e-01 9.437546423212488662e+03 1.254690394114448715e+00 2.543911989356509906e+01
8.669999999999999929e-01 -2.700000000000000178e-01 9.175000000000000711e+00 2.000000000000000000e+00 8.358365537361921449e-01 8.197655769051229072e+03 1.403736515543881236e+00 1.723172124232329594e+01
8.669999999999999929e-01 -2.700000000000000178e-01 9.175000000000000711e+00 3.000000000000000000e+00 6.443617584072105497e-01 1.003286984243254119e+04 1.351527091348008192e+00 2.232371583432138351e+01
1.029000000000000137e+00 2.700000000000000178e-01 1.547499999999999964e+01 4.000000000000000000e+00 3.633957801803126553e-01 1.175397284211276747e+04 1.616595640229513853e+00 1.952919326287421953e+01
1.029000000000000137e+00 2.700000000000000178e-01 1.547499999999999964e+01 2.000000000000000000e+00 8.586333146904904234e-01 1.025734504348158225e+04 1.706709914092705560e+00 1.310294141387389999e+01
1.029000000000000137e+00 2.700000000000000178e-01 1.547499999999999964e+01 3.000000000000000000e+00 6.671768082567077762e-01 1.250829699801936658e+04 1.676389559640125260e+00 1.629708123809132303e+01
5.969999999999999751e-01 1.169999999999999929e+00 1.442499999999999893e+01 4.000000000000000000e+00 2.375829935875650445e-01 9.510823318779124747e+03 2.204793240127900233e+00 1.525576960632893453e+01
5.969999999999999751e-01 1.169999999999999929e+00 1.442499999999999893e+01 2.000000000000000000e+00 8.361691133984749946e-01 8.867426944695123893e+03 2.221111798039259178e+00 1.005244625920451718e+01
5.969999999999999751e-01 1.169999999999999929e+00 1.442499999999999893e+01 3.000000000000000000e+00 5.881549500246300299e-01 1.047807746624870197e+04 2.223281055686247232e+00 1.207452554294082780e+01
5.429999999999999272e-01 -1.499999999999999112e-01 1.484500000000000064e+01 4.000000000000000000e+00 2.574113172228200686e-01 6.884264223792264602e+03 1.337752947970241468e+00 2.268706598771205307e+01
5.429999999999999272e-01 -1.499999999999999112e-01 1.484500000000000064e+01 2.000000000000000000e+00 8.075615358575298774e-01 6.276305128920100287e+03 1.473545017249342060e+00 1.902234687672285673e+01
5.429999999999999272e-01 -1.499999999999999112e-01 1.484500000000000064e+01 3.000000000000000000e+00 5.875788925310290178e-01 7.552235733286277537e+03 1.424970425585500244e+00 2.203491233891737267e+01
1.785000000000000364e+00 -3.300000000000000711e-01 1.043499999999999872e+01 4.000000000000000000e+00 4.379697329980255516e-01 1.536981883587693119e+04 1.237311480205290026e+00 2.112496514544559645e+01
1.785000000000000364e+00 -3.300000000000000711e-01 1.043499999999999872e+01 2.000000000000000000e+00 8.702229086741206654e-01 1.268696352774023580e+04 1.370099033707960379e+00 1.483495466276866104e+01
1.785000000000000364e+00 -3.300000000000000711e-01 1.043499999999999872e+01 3.000000000000000000e+00 7.054808820837182859e-01 1.581123579620835335e+04 1.320602578865214705e+00 1.825580560455462376e+01
1.461000000000000076e+00 6.299999999999998934e-01 7.915000000000000036e+00 4.000000000000000000e+00 3.801013101815310935e-01 1.647950515134008310e+04 1.813621482081005265e+00 1.710425169413761637e+01
1.461000000000000076e+00 6.299999999999998934e-01 7.915000000000000036e+00 2.000000000000000000e+00 8.782335600464920011e-01 1.409855943065258180e+04 1.903458690221976557e+00 1.077911682943760674e+01
1.461000000000000076e+00 6.299999999999998934e-01 7.915000000000000036e+00 3.000000000000000000e+00 6.872876484167653732e-01 1.719914643198759950e+04 1.878447797212562609e+00 1.262213882822984701e+01
2.433000000000000274e+00 9.300000000000001599e-01 8.964999999999999858e+00 4.000000000000000000e+00 3.702784676357969706e-01 2.394251226559972565e+04 2.003416981603250324e+00 1.301306682789248725e+01
2.433000000000000274e+00 9.300000000000001599e-01 8.964999999999999858e+00 2.000000000000000000e+00 8.924546337390094619e-01 2.046809129490313353e+04 2.065622824798506230e+00 9.305145930522856546e+00
2.433000000000000274e+00 9.300000000000001599e-01 8.964999999999999858e+00 3.000000000000000000e+00 7.046281611864401162e-01 2.482722722486013663e+04 2.049153776734914612e+00 1.084167020396389525e+01
1.568999999999999950e+00 1.469999999999999751e+00 1.106500000000000128e+01 4.000000000000000000e+00 3.133362510504312248e-01 1.938480424794062856e+04 2.369598073781363112e+00 1.175325600107561819e+01
1.568999999999999950e+00 1.469999999999999751e+00 1.106500000000000128e+01 2.000000000000000000e+00 8.872530698752989498e-01 1.774044427927865763e+04 2.385171562551366975e+00 8.532199234997163373e+00
1.568999999999999950e+00 1.469999999999999751e+00 1.106500000000000128e+01 3.000000000000000000e+00 6.758344149377022436e-01 2.083774160738199498e+04 2.384166338268702390e+00 1.013057842176074352e+01
1.298999999999999932e+00 -1.049999999999999822e+00 1.379499999999999993e+01 4.000000000000000000e+00 4.646937663881043346e-01 1.098520431748500414e+04 8.539561751091351294e-01 2.632874006795490374e+01
1.298999999999999932e+00 -1.049999999999999822e+00 1.379499999999999993e+01 2.000000000000000000e+00 8.618448152888028568e-01 9.119422181898989948e+03 1.002444054142578311e+00 2.024716186297996146e+01
1.298999999999999932e+00 -1.049999999999999822e+00 1.379499999999999993e+01 3.000000000000000000e+00 7.120283936863467389e-01 1.144227155600911465e+04 9.489360930139754124e-01 2.446512148950672128e+01
1.731000000000000316e+00 2.100000000000001865e-01 1.463499999999999979e+01 4.000000000000000000e+00 4.170892024760805006e-01 1.674682587576331207e+04 1.580092165603379062e+00 1.789257093404112808e+01
1.731000000000000316e+00 2.100000000000001865e-01 1.463499999999999979e+01 2.000000000000000000e+00 8.791117758270797777e-01 1.409579710379020253e+04 1.673853336817299642e+00 1.219842673430120783e+01
1.731000000000000316e+00 2.100000000000001865e-01 1.463499999999999979e+01 3.000000000000000000e+00 7.042264061021695776e-01 1.739346324324992020e+04 1.641525364450983959e+00 1.464746849811910678e+01
2.864999999999999769e+00 4.500000000000001776e-01 1.358500000000000085e+01 4.000000000000000000e+00 3.669018175740604848e-01 2.466564416045397593e+04 1.719625124697760743e+00 1.389074941778363126e+01
2.864999999999999769e+00 4.500000000000001776e-01 1.358500000000000085e+01 2.000000000000000000e+00 8.808068371886076386e-01 2.014184895632923508e+04 1.796908349256677750e+00 1.002501719625754895e+01
2.864999999999999769e+00 4.500000000000001776e-01 1.358500000000000085e+01 3.000000000000000000e+00 6.941685340167385032e-01 2.510467256851103957e+04 1.772422406927295357e+00 1.152677663277169273e+01
4.349999999999999978e-01 1.290000000000000036e+00 7.075000000000000178e+00 4.000000000000000000e+00 2.146836293645448812e-01 8.588817253039233037e+03 2.241309885408193647e+00 1.813620737206368005e+01
4.349999999999999978e-01 1.290000000000000036e+00 7.075000000000000178e+00 2.000000000000000000e+00 8.179404212653856865e-01 7.651543305403410159e+03 2.286507990486763120e+00 9.793364613263525698e+00
4.349999999999999978e-01 1.290000000000000036e+00 7.075000000000000178e+00 3.000000000000000000e+00 5.524593883542605610e-01 9.222341245351986800e+03 2.292269496948335927e+00 1.181927811937534223e+01
3.810000000000000053e-01 1.229999999999999982e+00 1.505499999999999972e+01 4.000000000000000000e+00 2.112650424245759717e-01 6.931324801696420764e+03 2.241335013825355826e+00 1.691537419486382277e+01
3.810000000000000053e-01 1.229999999999999982e+00 1.505499999999999972e+01 2.000000000000000000e+00 8.198227822850899793e-01 6.667770403287401678e+03 2.255880970025308407e+00 1.084233738498727284e+01
3.810000000000000053e-01 1.229999999999999982e+00 1.505499999999999972e+01 3.000000000000000000e+00 5.594054281327255351e-01 7.767143572145524558e+03 2.258150052853583389e+00 1.336474789745302516e+01
1.622999999999999998e+00 -1.469999999999999973e+00 9.594999999999998863e+00 4.000000000000000000e+00 4.678010441216110538e-01 1.180739696346078745e+04 6.279794802460261227e-01 2.854348099295568630e+01
1.622999999999999998e+00 -1.469999999999999973e+00 9.594999999999998863e+00 2.000000000000000000e+00 8.581469673646470175e-01 9.679967342305804777e+03 8.128719488947582228e-01 2.160508778025402776e+01
1.622999999999999998e+00 -1.469999999999999973e+00 9.594999999999998863e+00 3.000000000000000000e+00 7.104633110153987241e-01 1.218188550264072001e+04 7.458626141034708779e-01 2.654874579583708183e+01
2.972999999999999865e+00 7.500000000000000000e-01 6.445000000000000284e+00 4.000000000000000000e+00 4.266547085180245613e-01 2.728727782872719399e+04 1.814944367911548007e+00 1.759789650894633795e+01
2.972999999999999865e+00 7.500000000000000000e-01 6.445000000000000284e+00 2.000000000000000000e+00 9.026770818204397084e-01 2.237382197025400819e+04 1.944074025546086215e+00 9.733555790377979022e+00
2.972999999999999865e+00 7.500000000000000000e-01 6.445000000000000284e+00 3.000000000000000000e+00 7.305879392472184319e-01 2.767979763451090184e+04 1.907539243261096917e+00 1.129846380660384497e+01
