# name H0 omch2 ombh2 mnu omk TCMB As ns f_star g_star lnA_p n_p alpha_p h omb omc ombc DeltaL2 lnA_s
ns0.91As2.2e-09heat_slope-0.27heat_amp0.7hub0.74.genic  74.340000 0.106007 0.026693 0.000000 0.000000 2.725500 0.000000 0.906429 0.973281 0.953340 15.924079 -2.384006 -0.101783 0.743400 0.048300 0.191819 0.240119 0.304185 -19.671700
ns0.91As2.5e-09heat_slope0.11heat_amp0.66hub0.69.genic  68.565000 0.109993 0.022707 0.000000 0.000000 2.725500 0.000000 0.910714 0.978240 0.962239 16.203408 -2.370085 -0.104698 0.685650 0.048300 0.233971 0.282271 0.402206 -19.552531
ns0.91As2.7e-09heat_slope0.013heat_amp1.1hub0.69.genic  68.833300 0.109815 0.022885 0.000000 0.000000 2.725500 0.000000 0.913500 0.978016 0.961838 16.277675 -2.367705 -0.104593 0.688333 0.048300 0.231774 0.280074 0.433214 -19.478898
ns0.92As1.7e-09heat_slope-0.19heat_amp1.3hub0.72.genic  72.381000 0.107396 0.025304 0.000000 0.000000 2.725500 0.000000 0.919286 0.974998 0.956421 15.684165 -2.367873 -0.102795 0.723810 0.048300 0.204993 0.253293 0.239301 -19.997308
ns0.92As1.9e-09heat_slope0.38heat_amp1.3hub0.73.genic  73.325000 0.106731 0.025969 0.000000 0.000000 2.725500 0.000000 0.915000 0.974178 0.954944 15.799250 -2.373404 -0.100177 0.733250 0.048300 0.198512 0.246812 0.268488 -19.846057
ns0.92As2.7e-09heat_slope-0.38heat_amp0.96hub0.68.genic  67.619000 0.110616 0.022084 0.000000 0.000000 2.725500 0.000000 0.923571 0.979017 0.963644 16.295358 -2.355806 -0.105065 0.676190 0.048300 0.241924 0.290224 0.440942 -19.516876
ns0.93As2.4e-09heat_slope0.28heat_amp1hub0.68.genic  67.833300 0.110475 0.022225 0.000000 0.000000 2.725500 0.000000 0.934500 0.978845 0.963327 16.181111 -2.345201 -0.104994 0.678333 0.048300 0.240093 0.288393 0.393337 -19.654292
ns0.93As2.6e-09heat_slope0.23heat_amp1hub0.71.genic  71.428600 0.108057 0.024643 0.000000 0.000000 2.725500 0.000000 0.927857 0.975826 0.957896 16.152986 -2.357719 -0.103315 0.714286 0.048300 0.211792 0.260092 0.382429 -19.575492
ns0.93As2e-09heat_slope-0.17heat_amp1.3hub0.7.genic  70.240000 0.108870 0.023830 0.000000 0.000000 2.725500 0.000000 0.925500 0.976835 0.959715 15.926898 -2.358155 -0.103739 0.702400 0.048300 0.220669 0.268969 0.305044 -19.825767
ns0.93As2e-09heat_slope0.076heat_amp1.2hub0.74.genic  73.809500 0.106387 0.026313 0.000000 0.000000 2.725500 0.000000 0.932143 0.973747 0.954180 15.846697 -2.357367 -0.102170 0.738095 0.048300 0.195283 0.243583 0.281534 -19.830219
ns0.94As1.5e-09heat_slope-0.23heat_amp0.81hub0.67.genic  67.142900 0.110926 0.021774 0.000000 0.000000 2.725500 0.000000 0.940714 0.979410 0.964345 15.733984 -2.337948 -0.105226 0.671429 0.048300 0.246055 0.294355 0.251524 -20.134091
ns0.94As1.6e-09heat_slope0.3heat_amp0.89hub0.65.genic  65.150000 0.112199 0.020501 0.000000 -0.000000 2.725500 0.000000 0.945000 0.981010 0.967235 15.819544 -2.330730 -0.105967 0.651500 0.048300 0.264338 0.312638 0.273992 -20.106255
ns0.94As1.8e-09heat_slope-0.11heat_amp0.73hub0.68.genic  68.400000 0.110103 0.022597 0.000000 0.000000 2.725500 0.000000 0.936429 0.978376 0.962485 15.854284 -2.344119 -0.104752 0.684000 0.048300 0.235334 0.283634 0.283678 -19.972369
ns0.95As2.4e-09heat_slope-0.067heat_amp1.1hub0.67.genic  67.234000 0.110866 0.021834 0.000000 0.000000 2.725500 0.000000 0.950514 0.979333 0.964211 16.179281 -2.328288 -0.105216 0.672340 0.048300 0.245257 0.293557 0.392618 -19.712021
ns0.95As2.6e-09heat_slope-0.3heat_amp0.77hub0.7.genic  70.476200 0.108710 0.023990 0.000000 0.000000 2.725500 0.000000 0.953571 0.976634 0.959356 16.196901 -2.330457 -0.103776 0.704762 0.048300 0.218869 0.267169 0.399597 -19.622632
ns0.95As2.6e-09heat_slope0.093heat_amp0.64hub0.71.genic  71.166700 0.108238 0.024462 0.000000 -0.000000 2.725500 0.000000 0.946500 0.976044 0.958299 16.165110 -2.338649 -0.103464 0.711667 0.048300 0.213710 0.262010 0.387094 -19.618486
ns0.95As2e-09heat_slope-5.6e-17heat_amp0.92hub0.71.genic  71.400000 0.108077 0.024623 0.000000 0.000000 2.725500 0.000000 0.949286 0.975845 0.957940 15.876366 -2.336249 -0.103301 0.714000 0.048300 0.212000 0.260300 0.290012 -19.908463
ns0.96As1.7e-09heat_slope0.17heat_amp0.91hub0.73.genic  73.500000 0.106607 0.026093 0.000000 0.000000 2.725500 0.000000 0.964500 0.974020 0.954668 15.671377 -2.324198 -0.100054 0.735000 0.048300 0.197338 0.245638 0.236260 -20.097809
ns0.96As2.1e-09heat_slope0.0099heat_amp1.1hub0.69.genic  68.836300 0.109814 0.022887 0.000000 0.000000 2.725500 0.000000 0.961839 0.978016 0.961834 16.009932 -2.319370 -0.104596 0.688363 0.048300 0.231751 0.280051 0.331454 -19.871940
ns0.96As2.1e-09heat_slope0.34heat_amp1.4hub0.66.genic  66.190500 0.111539 0.021161 0.000000 0.000000 2.725500 0.000000 0.962143 0.980181 0.965735 16.092563 -2.315116 -0.105619 0.661905 0.048300 0.254586 0.302886 0.360006 -19.853534
ns0.96As2.2e-09heat_slope-0.25heat_amp0.75hub0.72.genic  72.166700 0.107545 0.025155 0.000000 0.000000 2.725500 0.000000 0.955500 0.975183 0.956754 15.955877 -2.331303 -0.102899 0.721667 0.048300 0.206499 0.254799 0.314013 -19.825212
ns0.96As2.3e-09heat_slope-0.038heat_amp1.3hub0.7.genic  70.000000 0.109033 0.023667 0.000000 -0.000000 2.725500 0.000000 0.957857 0.977036 0.960080 16.056905 -2.325408 -0.103800 0.700000 0.048300 0.222516 0.270816 0.347394 -19.785742
ns0.96As2.3e-09heat_slope-0.03heat_amp1.1hub0.68.genic  68.343600 0.110140 0.022560 0.000000 0.000000 2.725500 0.000000 0.958323 0.978422 0.962570 16.090755 -2.322139 -0.104775 0.683436 0.048300 0.235803 0.284103 0.359355 -19.794047
ns0.97As2.1e-09heat_slope-0.089heat_amp1.2hub0.69.genic  68.541900 0.110009 0.022691 0.000000 -0.000000 2.725500 0.000000 0.970657 0.978259 0.962274 16.019256 -2.310109 -0.104712 0.685419 0.048300 0.234161 0.282461 0.334559 -19.892690
ns0.97As2.1e-09heat_slope-0.15heat_amp1hub0.69.genic  69.047600 0.109673 0.023027 0.000000 0.000000 2.725500 0.000000 0.966429 0.977835 0.961517 15.994014 -2.315287 -0.103311 0.690476 0.048300 0.230039 0.278339 0.326219 -19.894552
ns0.97As2.1e-09heat_slope0.12heat_amp1.1hub0.69.genic  69.190200 0.109578 0.023123 0.000000 0.000000 2.725500 0.000000 0.970353 0.977720 0.961303 15.977945 -2.311629 -0.104202 0.691902 0.048300 0.228893 0.277193 0.321019 -19.917290
ns0.97As2.2e-09heat_slope-0.012heat_amp1.2hub0.68.genic  68.443900 0.110073 0.022626 0.000000 0.000000 2.725500 0.000000 0.972502 0.978338 0.962420 16.082153 -2.308115 -0.104764 0.684439 0.048300 0.234970 0.283270 0.356277 -19.836964
ns0.97As2.2e-09heat_slope-0.063heat_amp1.2hub0.68.genic  68.419800 0.110089 0.022611 0.000000 0.000000 2.725500 0.000000 0.972784 0.978357 0.962456 16.056653 -2.307796 -0.104782 0.684198 0.048300 0.235170 0.283470 0.347307 -19.863787
ns0.97As2.2e-09heat_slope0.059heat_amp1.2hub0.67.genic  67.458800 0.110720 0.021980 0.000000 0.000000 2.725500 0.000000 0.971093 0.979152 0.963880 16.062262 -2.308047 -0.105147 0.674588 0.048300 0.243304 0.291604 0.349261 -19.877011
ns0.97As2.3e-09heat_slope0.0021heat_amp1.2hub0.68.genic  68.460000 0.110063 0.022637 0.000000 -0.000000 2.725500 0.000000 0.972221 0.978328 0.962396 16.090840 -2.308422 -0.104746 0.684600 0.048300 0.234837 0.283137 0.359386 -19.827161
ns0.97As2.5e-09heat_slope-0.34heat_amp0.62hub0.67.genic  66.666700 0.111233 0.021467 0.000000 0.000000 2.725500 0.000000 0.975000 0.979796 0.965042 16.213789 -2.302959 -0.105421 0.666667 0.048300 0.250275 0.298575 0.406403 -19.754443
ns0.97As2.8e-09heat_slope0.038heat_amp1.2hub0.72.genic  71.904800 0.107727 0.024973 0.000000 0.000000 2.725500 0.000000 0.970714 0.975413 0.957160 16.203293 -2.315653 -0.103067 0.719048 0.048300 0.208358 0.256658 0.402160 -19.624104
ns0.97As2e-09heat_slope0.0018heat_amp1.2hub0.68.genic  68.181800 0.110246 0.022454 0.000000 0.000000 2.725500 0.000000 0.972743 0.978555 0.962810 15.990596 -2.307480 -0.104858 0.681818 0.048300 0.237152 0.285452 0.325106 -19.935522
ns0.98As1.8e-09heat_slope-0.076heat_amp1.1hub0.66.genic  65.714300 0.111842 0.020858 0.000000 0.000000 2.725500 0.000000 0.983571 0.980564 0.966424 15.944720 -2.292984 -0.105794 0.657143 0.048300 0.258992 0.307292 0.310529 -20.067992
ns0.98As1.9e-09heat_slope-0.36heat_amp1.2hub0.74.genic  74.500000 0.105892 0.026808 0.000000 -0.000000 2.725500 0.000000 0.976500 0.973144 0.953085 15.739970 -2.314208 -0.101682 0.745000 0.048300 0.190788 0.239088 0.253034 -20.033494
ns0.98As2.1e-09heat_slope-0.0078heat_amp1.2hub0.69.genic  68.809900 0.109831 0.022869 0.000000 0.000000 2.725500 0.000000 0.976699 0.978033 0.961873 16.018397 -2.304468 -0.104627 0.688099 0.048300 0.231965 0.280265 0.334271 -19.902654
ns0.98As2.1e-09heat_slope-0.02heat_amp1.2hub0.69.genic  68.540000 0.110010 0.022690 0.000000 0.000000 2.725500 0.000000 0.975837 0.978262 0.962277 16.005895 -2.304925 -0.104711 0.685400 0.048300 0.234177 0.282477 0.330118 -19.919530
ns0.98As2.1e-09heat_slope0.017heat_amp1.2hub0.68.genic  68.053400 0.110331 0.022369 0.000000 0.000000 2.725500 0.000000 0.978768 0.978662 0.963001 16.005311 -2.301257 -0.104879 0.680534 0.048300 0.238231 0.286531 0.329926 -19.939547
ns0.98As2.2e-09heat_slope-0.026heat_amp1.3hub0.69.genic  68.823000 0.109822 0.022878 0.000000 0.000000 2.725500 0.000000 0.975808 0.978024 0.961854 16.072446 -2.305380 -0.104602 0.688230 0.048300 0.231858 0.280158 0.352836 -19.845970
ns0.98As2.2e-09heat_slope-0.036heat_amp1.2hub0.69.genic  68.546800 0.110006 0.022695 0.000000 0.000000 2.725500 0.000000 0.975767 0.978255 0.962267 16.075761 -2.305006 -0.104710 0.685468 0.048300 0.234121 0.282421 0.354007 -19.849319
ns0.98As2.2e-09heat_slope-0.045heat_amp1.2hub0.68.genic  68.054000 0.110331 0.022369 0.000000 -0.000000 2.725500 0.000000 0.977415 0.978663 0.963000 16.084126 -2.302613 -0.104878 0.680540 0.048300 0.238226 0.286526 0.356981 -19.857208
ns0.98As2.3e-09heat_slope-0.03heat_amp1.2hub0.68.genic  68.387600 0.110111 0.022589 0.000000 0.000000 2.725500 0.000000 0.976206 0.978384 0.962504 16.094859 -2.304324 -0.104750 0.683876 0.048300 0.235437 0.283737 0.360833 -19.835239
ns0.98As2.3e-09heat_slope0.026heat_amp1.1hub0.68.genic  67.579200 0.110642 0.022058 0.000000 0.000000 2.725500 0.000000 0.984660 0.979053 0.963702 16.108153 -2.294659 -0.105081 0.675792 0.048300 0.242266 0.290566 0.365662 -19.863406
ns0.98As2.3e-09heat_slope0.15heat_amp0.85hub0.73.genic  72.857100 0.107061 0.025638 0.000000 0.000000 2.725500 0.000000 0.979286 0.974585 0.955678 16.006818 -2.308676 -0.102577 0.728571 0.048300 0.201692 0.249992 0.330423 -19.817899
ns0.98As2e-09heat_slope-0.061heat_amp1.2hub0.69.genic  68.788000 0.109846 0.022855 0.000000 0.000000 2.725500 0.000000 0.977409 0.978058 0.961906 15.966140 -2.303905 -0.103527 0.687880 0.048300 0.232144 0.280444 0.317252 -19.957291
ns0.99As1.6e-09heat_slope-0.093heat_amp0.83hub0.67.genic  66.500000 0.111340 0.021359 0.000000 0.000000 2.725500 0.000000 0.985500 0.979928 0.965285 15.763918 -2.292211 -0.105463 0.665000 0.048300 0.251773 0.300073 0.259167 -20.235447
ns0.99As1.7e-09heat_slope0.27heat_amp1.2hub0.75.genic  74.755000 0.105708 0.026992 0.000000 -0.000000 2.725500 0.000000 0.987857 0.972913 0.952679 15.646590 -2.303304 -0.101513 0.747550 0.048300 0.189160 0.237460 0.230476 -20.149437
ns0.99As2.3e-09heat_slope-0.0093heat_amp1.3hub0.69.genic  68.858500 0.109799 0.022901 0.000000 -0.000000 2.725500 0.000000 0.985395 0.977997 0.961801 16.078915 -2.295847 -0.104589 0.688585 0.048300 0.231570 0.279870 0.355125 -19.863499
ns0.99As2.3e-09heat_slope-0.062heat_amp1.2hub0.68.genic  68.283400 0.110180 0.022520 0.000000 -0.000000 2.725500 0.000000 0.989000 0.978475 0.962659 16.117158 -2.291374 -0.104803 0.682834 0.048300 0.236304 0.284604 0.368970 -19.848652
ns0.99As2.3e-09heat_slope-0.11heat_amp1.4hub0.69.genic  69.360000 0.109464 0.023236 0.000000 0.000000 2.725500 0.000000 0.985889 0.977575 0.961047 16.060827 -2.296361 -0.104113 0.693600 0.048300 0.227537 0.275837 0.348760 -19.870499
ns0.99As2.4e-09heat_slope-0.046heat_amp1.1hub0.68.genic  68.101300 0.110300 0.022401 0.000000 0.000000 2.725500 0.000000 0.989166 0.978627 0.962930 16.139062 -2.290936 -0.104901 0.681013 0.048300 0.237828 0.286128 0.377141 -19.831596
ns0.9As2.3e-09heat_slope0.36heat_amp1.4hub0.66.genic  65.504000 0.111976 0.020724 0.000000 -0.000000 2.725500 0.000000 0.904500 0.980732 0.966727 16.186107 -2.371751 -0.105882 0.655040 0.048300 0.260968 0.309268 0.395307 -19.626609
ns0.9As2.4e-09heat_slope0.19heat_amp1.1hub0.7.genic  69.523800 0.109354 0.023346 0.000000 0.000000 2.725500 0.000000 0.902143 0.977442 0.960800 16.130756 -2.380370 -0.104047 0.695238 0.048300 0.226239 0.274539 0.374021 -19.579276
